[array([[ 0.70245989],
       [-0.19553525],
       [ 0.91596991],
       [ 2.15388948],
       [-0.33114288]]), array([[-0.14808121,  0.99878188,  0.48536834, -0.29692167,  0.3431451 ],
       [-0.29309108, -0.29455336,  0.15303038, -1.21006468, -1.09093383],
       [-0.35562186, -0.64057065,  0.19874746, -0.57428485, -0.89321929],
       [ 0.92695767, -0.14279347,  0.04270859, -0.90108987, -0.34429787],
       [ 0.07015361, -0.72795226,  0.23761229, -0.37987726, -0.18448333]]), array([[-0.38055268,  1.17148358, -0.00853639, -0.66895513,  0.52022308]])]


Final Weights and Biases:
Layer 1 Weights:
[[-2.61047389]
 [-7.35271762]
 [ 5.73694515]
 [ 9.51547416]
 [-7.13028467]]
Layer 1 Biases:
[[ -3.19664668]
 [ 12.21461308]
 [ -2.35584983]
 [-18.78067688]
 [  7.96550625]]
Layer 2 Weights:
[[ -0.17618646   6.54530599  -1.76198703  -9.77620407   5.06092393]
 [ 15.56224419  -3.05016291   2.83345233   3.35377261  -2.55649994]
 [-16.12734367   2.8315086   -5.84138327  -6.04006885   4.52316253]
 [  1.2379039    5.83002115  -3.83335854  -8.00796154   5.17858749]
 [ 18.57278999  -5.53467806   6.08606523   4.81446072  -5.07605351]]
Layer 2 Biases:
[[ 2.27029925]
 [ 2.9310958 ]
 [-1.05076407]
 [ 0.85574955]
 [-0.49008416]]
Layer 3 Weights:
[[-57.12268782  83.19243719 -55.30931956 -56.88450937  91.41358698]]
Layer 3 Biases:
[[29.2340203]]
